0.6868 0.1104 0.5919 0.9423 0.7923 -0.4020 -0.8353 -0.4552 -0.4561 
0.0513 0.0617 0.0306 0.0698 0.0624 0.0852 0.0553 0.0345 0.0669 
-0.0229 -0.0692 -0.0526 -0.0743 -0.0063 -0.0541 -0.0544 -0.0332 -0.0780 
0.0000 0.0000 0.0000 -0.7501 -0.6034 -0.6182 0.0000 0.0000 0.0000 
0.2491 0.4308 0.4560 0.3162 0.4204 0.1094 0.7914 0.3878 0.2820 
0.8465 0.0153 0.0000 0.0000 0.0000 0.0000 0.0000 0.0000 0.0000 
381.2066
0.4897 0.1893 0.5838 0.2318 -0.4323 -0.5642 -0.3689 -0.1172 -0.6433 
0.0617 0.0499 0.0580 0.0386 0.0645 0.0661 0.0404 0.0545 0.0555 
-0.0643 -0.0203 -0.0751 -0.0358 -0.0441 -0.0599 -0.0772 -0.0262 -0.0278 
0.0000 0.0000 0.0000 -0.6058 -0.7646 -0.4578 0.0000 0.0000 0.0000 
0.6848 0.9041 0.1551 0.2343 0.6490 0.4225 0.8999 0.1454 0.5713 
0.7169 0.0310 0.0000 0.0000 0.0000 0.0000 0.0000 0.0000 0.0000 
374.3235
0.6303 0.8838 0.3847 0.2820 -0.8260 -0.5870 -0.6066 -0.1430 -0.5675 
0.0444 0.0327 0.0709 0.0237 0.0508 0.0769 0.0410 0.0503 0.0181 
-0.0401 -0.0538 -0.0287 -0.0717 -0.0695 -0.0682 -0.0830 -0.0634 -0.0754 
0.0000 0.0000 0.0000 -0.5010 -0.4034 -0.6007 0.0000 0.0000 0.0000 
0.2013 0.4786 0.3621 0.1599 0.6593 0.8887 0.4199 0.3365 0.7434 
0.6529 0.0352 0.0000 0.0000 0.0000 0.0000 0.0000 0.0000 0.0000 
367.7610
0.5285 0.1721 0.9478 0.2702 -0.6643 -0.1047 -0.3916 -0.3312 -0.3542 
0.0692 0.0764 0.0748 0.0662 0.0584 0.0110 0.0518 0.0438 0.0723 
-0.0497 -0.0382 -0.0535 -0.0704 -0.0379 -0.0517 -0.0581 -0.0595 -0.0828 
0.0000 0.0000 0.0000 -0.4732 -0.6553 -0.3135 0.0000 0.0000 0.0000 
0.7842 0.3190 0.5069 0.4090 0.5019 0.2751 0.6849 0.9806 0.6615 
0.6112 0.0245 0.0000 0.0000 0.0000 0.0000 0.0000 0.0000 0.0000 
2665.3545
0.5562 0.3001 0.4192 0.2147 0.2357 -0.8572 -0.5129 -0.2370 -0.4404 
0.0921 0.0568 0.0824 0.0736 0.0245 0.0124 0.0703 0.0879 0.0092 
-0.0036 -0.0213 -0.0514 -0.0116 -0.0812 -0.0298 -0.0450 -0.0683 -0.0198 
0.0000 0.0000 0.0000 -0.5495 -0.5153 -0.0807 0.0000 0.0000 0.0000 
0.4941 0.7661 0.1196 0.4474 0.2085 0.6185 0.8686 0.5772 0.1956 
0.6885 0.0018 0.0000 0.0000 0.0000 0.0000 0.0000 0.0000 0.0000 
2663.0020
0.0772 0.9993 0.1877 0.9734 0.9385 -0.2775 -0.1079 -0.2401 -0.2177 
0.0112 0.0085 0.0325 0.0783 0.0244 0.0259 0.0804 0.0411 0.0028 
-0.0308 -0.0626 -0.0841 -0.0975 -0.0181 -0.0838 -0.0973 -0.0586 -0.0032 
0.0000 0.0000 0.0000 -0.3506 -0.5776 -0.9249 0.0000 0.0000 0.0000 
0.8257 0.8112 0.0928 0.2548 0.2500 0.2264 0.4037 0.9709 0.2095 
0.8141 0.0035 0.0000 0.0000 0.0000 0.0000 0.0000 0.0000 0.0000 
370.9905
0.2337 0.2779 0.9827 0.2134 -0.1393 -0.6311 -0.6655 -0.6955 -0.7896 
0.0326 0.0520 0.0411 0.0750 0.0357 0.0291 0.0578 0.0663 0.0382 
-0.0477 -0.0338 -0.0704 -0.0462 -0.0296 -0.0258 -0.0715 -0.0276 -0.0372 
0.0000 0.0000 0.0000 -0.4295 -0.5913 -0.3323 0.0000 0.0000 0.0000 
0.4446 0.7803 0.2390 0.3317 0.6974 0.6847 0.3907 0.1441 0.7435 
0.5554 0.0441 0.0000 0.0000 0.0000 0.0000 0.0000 0.0000 0.0000 
865.1825
0.9758 0.2213 0.9453 0.2688 -0.3801 -0.6380 -0.0963 -0.7049 -0.0731 
0.0837 0.0669 0.0182 0.0392 0.0204 0.0783 0.0308 0.0256 0.0522 
-0.0376 -0.0446 -0.0833 -0.0025 -0.0701 -0.0222 -0.0130 -0.0413 -0.0608 
0.0000 0.0000 0.0000 -0.4906 -0.8201 -0.9371 0.0000 0.0000 0.0000 
0.4150 0.3771 0.7620 0.9414 0.7839 0.1976 0.3046 0.9583 0.8949 
0.8231 0.0315 0.0000 0.0000 0.0000 0.0000 0.0000 0.0000 0.0000 
358.1532
0.5074 0.2637 0.6930 0.5625 -0.5003 -0.2273 -0.1492 -0.6482 -0.2575 
0.0221 0.0059 0.0515 0.0683 0.0896 0.0004 0.0213 0.0390 0.0469 
-0.0058 -0.0159 -0.0421 -0.0206 -0.0855 -0.0537 -0.0726 -0.0252 -0.0663 
0.0000 0.0000 0.0000 -0.3849 -0.1684 -0.2951 0.0000 0.0000 0.0000 
0.8119 0.4775 0.4764 0.8814 0.5682 0.0540 0.5383 0.0727 0.2542 
0.7249 0.0321 0.0000 0.0000 0.0000 0.0000 0.0000 0.0000 0.0000 
379.1225
0.6520 0.5949 0.6908 0.6544 0.2406 -0.4571 -0.3799 -0.6602 -0.6267 
0.0703 0.0427 0.0674 0.0236 0.0638 0.0114 0.0364 0.0240 0.0535 
-0.0495 -0.0404 -0.0572 -0.0228 -0.0661 -0.0642 -0.0310 -0.0695 -0.0839 
0.0000 0.0000 0.0000 -0.6282 -0.3190 -0.4147 0.0000 0.0000 0.0000 
0.8744 0.7307 0.4583 0.4444 0.6722 0.5014 0.1256 0.1256 0.4045 
0.6820 0.0441 0.0000 0.0000 0.0000 0.0000 0.0000 0.0000 0.0000 
372.3829
0.3143 0.6838 0.2607 0.5582 -0.0474 -0.3044 -0.7430 -0.2129 -0.3400 
0.0725 0.0322 0.0450 0.0372 0.0538 0.0690 0.0364 0.0866 0.0371 
-0.0769 -0.0645 -0.0555 -0.0283 -0.0127 -0.0632 -0.0705 -0.0862 -0.0722 
0.0000 0.0000 0.0000 -0.4430 -0.8927 -0.3546 0.0000 0.0000 0.0000 
0.1152 0.3780 0.6685 0.6237 0.7662 0.3998 0.5762 0.0852 0.2961 
0.7648 0.0475 0.0000 0.0000 0.0000 0.0000 0.0000 0.0000 0.0000 
374.6171
0.1452 0.9520 0.8826 0.1879 0.5712 -0.3323 -0.0930 -0.4214 -0.4219 
0.0879 0.0516 0.0583 0.0172 0.0870 0.0338 0.0852 0.0610 0.0011 
-0.0159 -0.0589 -0.0356 -0.0912 -0.0418 -0.0054 -0.0980 -0.0483 -0.0685 
0.0000 0.0000 0.0000 -0.7876 -0.9600 -0.2976 0.0000 0.0000 0.0000 
0.3778 0.3663 0.5228 0.1452 0.1726 0.0727 0.7469 0.9506 0.0855 
0.9639 0.0317 0.0000 0.0000 0.0000 0.0000 0.0000 0.0000 0.0000 
365.8530
0.8224 0.2932 0.6629 0.5944 -0.1240 -0.0925 -0.1294 -0.1845 -0.8075 
0.0483 0.0251 0.0128 0.0376 0.0503 0.0177 0.0299 0.0575 0.0182 
-0.0123 -0.0381 -0.0573 -0.0399 -0.0401 -0.0695 -0.0548 -0.0769 -0.0676 
0.0000 0.0000 0.0000 -0.5427 -0.1808 -0.6756 0.0000 0.0000 0.0000 
0.5113 0.4382 0.7984 0.6776 0.7873 0.4224 0.2060 0.2092 0.3649 
0.5530 0.0434 0.0000 0.0000 0.0000 0.0000 0.0000 0.0000 0.0000 
982.3462
0.3807 0.3508 0.4465 0.6677 0.3358 -0.2768 -0.2210 -0.5808 -0.6965 
0.0614 0.0337 0.0655 0.0329 0.0484 0.0314 0.0222 0.0590 0.0387 
-0.0653 -0.0483 -0.0326 -0.0309 -0.0782 -0.0451 -0.0353 -0.0563 -0.0212 
0.0000 0.0000 0.0000 -0.4204 -0.4050 -0.5818 0.0000 0.0000 0.0000 
0.6971 0.6738 0.6946 0.3145 0.7602 0.8344 0.4762 0.4879 0.5691 
0.5629 0.0291 0.0000 0.0000 0.0000 0.0000 0.0000 0.0000 0.0000 
925.6779
0.1084 0.1096 0.2109 0.3352 0.4938 -0.6236 -0.8656 -0.2474 -0.6407 
0.0570 0.0712 0.0769 0.0777 0.0093 0.0805 0.0865 0.0877 0.0713 
-0.0375 -0.0519 -0.0175 -0.0999 -0.0574 -0.0598 -0.0320 -0.0521 -0.0889 
0.0000 0.0000 0.0000 -0.4800 -0.5372 -0.1813 0.0000 0.0000 0.0000 
0.8511 0.4384 0.6040 0.1766 0.8762 0.8540 0.7874 0.6823 0.0914 
0.6318 0.0083 0.0000 0.0000 0.0000 0.0000 0.0000 0.0000 0.0000 
885.0953
0.4575 0.2765 0.8852 0.8565 0.7229 -0.4993 -0.2138 -0.0622 -0.4823 
0.0879 0.0604 0.0837 0.0120 0.0475 0.0287 0.0266 0.0435 0.0675 
-0.0486 -0.0276 -0.0844 -0.0653 -0.0705 -0.0520 -0.0692 -0.0537 -0.0582 
0.0000 0.0000 0.0000 -0.2308 -0.7996 -0.4221 0.0000 0.0000 0.0000 
0.1928 0.7249 0.9298 0.2539 0.8718 0.2643 0.9071 0.6142 0.3438 
0.8623 0.0460 0.0000 0.0000 0.0000 0.0000 0.0000 0.0000 0.0000 
376.3935
0.5460 0.6716 0.3092 0.2587 0.2991 -0.7902 -0.7551 -0.7223 -0.3082 
0.0443 0.0351 0.0726 0.0104 0.0354 0.0162 0.0346 0.0217 0.0861 
-0.0886 -0.0543 -0.0567 -0.0864 -0.0469 -0.0222 -0.0341 -0.0308 -0.0370 
0.0000 0.0000 0.0000 -0.1298 -0.1767 -0.6718 0.0000 0.0000 0.0000 
0.0914 0.1395 0.8583 0.3531 0.2465 0.5284 0.4911 0.5516 0.8299 
0.6303 0.0241 0.0000 0.0000 0.0000 0.0000 0.0000 0.0000 0.0000 
376.1946
0.6634 0.4229 0.9131 0.7620 0.7807 -0.7625 -0.7835 -0.2673 -0.3947 
0.0548 0.0289 0.0280 0.0613 0.0552 0.0618 0.0244 0.0634 0.0281 
-0.0453 -0.0876 -0.0697 -0.0586 -0.0395 -0.0200 -0.0747 -0.0774 -0.0321 
0.0000 0.0000 0.0000 -0.4818 -0.3434 -0.6497 0.0000 0.0000 0.0000 
0.7840 0.3327 0.4140 0.5845 0.5391 0.8000 0.3191 0.7108 0.1287 
0.8003 0.0335 0.0000 0.0000 0.0000 0.0000 0.0000 0.0000 0.0000 
362.4383
0.6514 0.5501 0.4234 0.6933 -0.1894 -0.5256 -0.4122 -0.1882 -0.7242 
0.0477 0.0494 0.0420 0.0736 0.0208 0.0588 0.0375 0.0524 0.0861 
-0.0705 -0.0209 -0.0860 -0.0424 -0.0345 -0.0828 -0.0297 -0.0694 -0.0708 
0.0000 0.0000 0.0000 -0.5592 -0.4322 -0.6042 0.0000 0.0000 0.0000 
0.4298 0.5303 0.4322 0.4146 0.4157 0.3961 0.4401 0.7343 0.3360 
0.7637 0.0279 0.0000 0.0000 0.0000 0.0000 0.0000 0.0000 0.0000 
2665.1360
0.4268 0.5639 0.3746 0.4000 -0.6927 -0.3313 -0.5429 -0.5848 -0.3671 
0.0376 0.0511 0.0331 0.0673 0.0639 0.0676 0.0242 0.0570 0.0277 
-0.0791 -0.0701 -0.0676 -0.0753 -0.0495 -0.0798 -0.0249 -0.0651 -0.0478 
0.0000 0.0000 0.0000 -0.3988 -0.0662 -0.4159 0.0000 0.0000 0.0000 
0.2730 0.8472 0.1758 0.3350 0.4635 0.5307 0.3745 0.4021 0.1960 
0.9281 0.0292 0.0000 0.0000 0.0000 0.0000 0.0000 0.0000 0.0000 
382.5488
